Precision: 0.976883
Recall: 0.984222
F1-Score: 0.980539
