Precision: 1.000000
Recall: 0.999989
F1-Score: 0.999995
