Precision: 1.000000
Recall: 0.953386
F1-Score: 0.976137
