Precision: 0.972973
Recall: 0.968586
F1-Score: 0.970774
